# colnew   col2    
  1.9605   0.0044  
  1.961    0.0033  
  1.9615   0.0041  
  1.962    0.0039  
  1.9625   0.0047  
  1.963    0.0042  
  1.9635   0.0034  
  1.964    0.0032  
  1.9645   0.0038  
  1.965    0.0053  
  1.9655   0.0046  
  1.966    0.0035  
  1.9665   0.0047  
  1.967    0.0061  
  1.9675   0.0052  
  1.968    0.004   
  1.9685   0.0061  
  1.969    0.0065  
  1.9695   0.0053  
  1.97     0.006   
  1.9705   0.0073  
  1.971    0.0059  
  1.9715   0.0053  
  1.972    0.0072  
  1.9725   0.0071  
  1.973    0.007   
  1.9735   0.0083  
  1.974    0.0073  
  1.9745   0.0077  
  1.975    0.009   
  1.9755   0.0086  
  1.976    0.0084  
  1.9765   0.0096  
  1.977    0.0094  
  1.9775   0.0096  
  1.978    0.01    
  1.9785   0.01    
  1.979    0.0106  
  1.9795   0.0102  
  1.98     0.0083  
  1.9805   0.0092  
  1.981    0.0114  
  1.9815   0.0118  
  1.982    0.012   
  1.9825   0.0122  
  1.983    0.0118  
  1.9835   0.0128  
  1.984    0.0131  
  1.9845   0.0133  
  1.985    0.0133  
  1.9855   0.0136  
  1.986    0.0142  
  1.9865   0.0144  
  1.987    0.0111  
  1.9875   0.0149  
  1.988    0.0154  
  1.9885   0.0158  
  1.989    0.0162  
  1.9895   0.0165  
  1.99     0.0151  
  1.9905   0.0163  
  1.991    0.0175  
  1.9915   0.0182  
  1.992    0.0185  
  1.9925   0.0189  
  1.993    0.0194  
  1.9935   0.0198  
  1.994    0.0193  
  1.9945   0.0203  
  1.995    0.0211  
  1.9955   0.0206  
  1.996    0.0212  
  1.9965   0.0209  
  1.997    0.0203  
  1.9975   0.0202  
  1.998    0.0181  
  1.9985   0.0186  
  1.999    0.0171  
  1.9995   0.0171  
  2.0      0.0182  
  2.0005   0.0164  
  2.001    0.0139  
  2.0015   0.0118  
  2.002    0.0117  
  2.0025   0.0106  
  2.003    0.0085  
  2.0035   0.0103  
  2.004    0.0102  
  2.0045   0.0095  
  2.005    0.0116  
  2.0055   0.0129  
  2.006    0.0171  
  2.0065   0.0208  
  2.007    0.0221  
  2.0075   0.0197  
  2.008    0.0179  
  2.0085   0.0259  
  2.009    0.0365  
  2.0095   0.0242  
  2.01     0.0261  
  2.0105   0.0322  
  2.011    0.023   
  2.0115   0.0178  
  2.012    0.0279  
  2.0125   0.0331  
  2.013    0.0229  
  2.0135   0.0197  
  2.014    0.0373  
  2.0145   0.0325  
  2.015    0.0191  
  2.0155   0.0427  
  2.016    0.0386  
  2.0165   0.0246  
  2.017    0.047   
  2.0175   0.0406  
  2.018    0.0321  
  2.0185   0.0583  
  2.019    0.0402  
  2.0195   0.0562  
  2.02     0.063   
  2.0205   0.0468  
  2.021    0.0741  
  2.0215   0.059   
  2.022    0.0687  
  2.0225   0.0843  
  2.023    0.0668  
  2.0235   0.089   
  2.024    0.0739  
  2.0245   0.0922  
  2.025    0.0918  
  2.0255   0.0963  
  2.026    0.1022  
  2.0265   0.0989  
  2.027    0.1098  
  2.0275   0.104   
  2.028    0.1139  
  2.0285   0.1091  
  2.029    0.1215  
  2.0295   0.1187  
  2.03     0.1277  
  2.0305   0.1255  
  2.031    0.131   
  2.0315   0.133   
  2.032    0.136   
  2.0325   0.1376  
  2.033    0.1393  
  2.0335   0.1411  
  2.034    0.1447  
  2.0345   0.1468  
  2.035    0.1492  
  2.0355   0.1512  
  2.036    0.1529  
  2.0365   0.1549  
  2.037    0.157   
  2.0375   0.1588  
  2.038    0.161   
  2.0385   0.1623  
  2.039    0.1645  
  2.0395   0.1648  
  2.04     0.1622  
  2.0405   0.1624  
  2.041    0.165   
  2.0415   0.166   
  2.042    0.1684  
  2.0425   0.1738  
  2.043    0.1761  
  2.0435   0.1782  
  2.044    0.1749  
  2.0445   0.1764  
  2.045    0.1802  
  2.0455   0.1825  
  2.046    0.1827  
  2.0465   0.1808  
  2.047    0.1799  
  2.0475   0.1767  
  2.048    0.1723  
  2.0485   0.1731  
  2.049    0.1707  
  2.0495   0.1575  
  2.05     0.1562  
  2.0505   0.1521  
  2.051    0.1352  
  2.0515   0.1353  
  2.052    0.1382  
  2.0525   0.1382  
  2.053    0.1579  
  2.0535   0.1636  
  2.054    0.1547  
  2.0545   0.1351  
  2.055    0.1201  
  2.0555   0.1168  
  2.056    0.1491  
  2.0565   0.1622  
  2.057    0.1606  
  2.0575   0.1303  
  2.058    0.13    
  2.0585   0.1684  
  2.059    0.183   
  2.0595   0.1728  
  2.06     0.1711  
  2.0605   0.1994  
  2.061    0.1602  
  2.0615   0.1659  
  2.062    0.1884  
  2.0625   0.1627  
  2.063    0.1222  
  2.0635   0.1682  
  2.064    0.1814  
  2.0645   0.1312  
  2.065    0.1457  
  2.0655   0.1867  
  2.066    0.1551  
  2.0665   0.1363  
  2.067    0.1863  
  2.0675   0.1747  
  2.068    0.1387  
  2.0685   0.1887  
  2.069    0.1827  
  2.0695   0.1475  
  2.07     0.194   
  2.0705   0.183   
  2.071    0.1591  
  2.0715   0.1979  
  2.072    0.1758  
  2.0725   0.1814  
  2.073    0.2038  
  2.0735   0.1756  
  2.074    0.1964  
  2.0745   0.1962  
  2.075    0.1761  
  2.0755   0.2044  
  2.076    0.1958  
  2.0765   0.2025  
  2.077    0.2046  
  2.0775   0.1967  
  2.078    0.2082  
  2.0785   0.2053  
  2.079    0.2111  
  2.0795   0.2134  
  2.08     0.209   
  2.0805   0.2141  
  2.081    0.2106  
  2.0815   0.2119  
  2.082    0.2096  
  2.0825   0.21    
  2.083    0.2102  
  2.0835   0.2096  
  2.084    0.2093  
  2.0845   0.2107  
  2.085    0.2089  
  2.0855   0.209   
  2.086    0.213   
  2.0865   0.2144  
  2.087    0.2106  
  2.0875   0.2155  
  2.088    0.2161  
  2.0885   0.2114  
  2.089    0.2172  
  2.0895   0.2162  
  2.09     0.2113  
  2.0905   0.2186  
  2.091    0.2162  
  2.0915   0.2167  
  2.092    0.2194  
  2.0925   0.216   
  2.093    0.2196  
  2.0935   0.219   
  2.094    0.2151  
  2.0945   0.2205  
  2.095    0.2195  
  2.0955   0.2206  
  2.096    0.2205  
  2.0965   0.221   
  2.097    0.2214  
  2.0975   0.2214  
  2.098    0.2213  
  2.0985   0.2184  
  2.099    0.2191  
  2.0995   0.2224  
  2.1      0.2219  
  2.1005   0.2195  
  2.101    0.2216  
  2.1015   0.2198  
  2.102    0.2211  
  2.1025   0.222   
  2.103    0.2221  
  2.1035   0.2231  
  2.104    0.2232  
  2.1045   0.2227  
  2.105    0.2221  
  2.1055   0.2229  
  2.106    0.2231  
  2.1065   0.2227  
  2.107    0.2228  
  2.1075   0.2222  
  2.108    0.2226  
  2.1085   0.2227  
  2.109    0.2219  
  2.1095   0.222   
  2.11     0.2219  
  2.1105   0.2223  
  2.111    0.222   
  2.1115   0.2231  
  2.112    0.2211  
  2.1125   0.2216  
  2.113    0.2242  
  2.1135   0.224   
  2.114    0.2233  
  2.1145   0.2245  
  2.115    0.2239  
  2.1155   0.2235  
  2.116    0.2241  
  2.1165   0.2236  
  2.117    0.2237  
  2.1175   0.2243  
  2.118    0.2239  
  2.1185   0.2173  
  2.119    0.2242  
  2.1195   0.2238  
  2.12     0.2232  
  2.1205   0.2236  
  2.121    0.2244  
  2.1215   0.2242  
  2.122    0.2247  
  2.1225   0.2248  
  2.123    0.2249  
  2.1235   0.225   
  2.124    0.225   
  2.1245   0.2211  
  2.125    0.2249  
  2.1255   0.2255  
  2.126    0.2257  
  2.1265   0.2258  
  2.127    0.2259  
  2.1275   0.2244  
  2.128    0.2231  
  2.1285   0.2261  
  2.129    0.2261  
  2.1295   0.2262  
  2.13     0.2263  
  2.1305   0.2264  
  2.131    0.2266  
  2.1315   0.2266  
  2.132    0.2267  
  2.1325   0.2267  
  2.133    0.2268  
  2.1335   0.2269  
  2.134    0.227   
  2.1345   0.2271  
  2.135    0.2271  
  2.1355   0.2271  
  2.136    0.2258  
  2.1365   0.2273  
  2.137    0.2274  
  2.1375   0.2275  
  2.138    0.2276  
  2.1385   0.2276  
  2.139    0.2276  
  2.1395   0.2277  
  2.14     0.2278  
  2.1405   0.2279  
  2.141    0.2279  
  2.1415   0.228   
  2.142    0.2281  
  2.1425   0.2281  
  2.143    0.2274  
  2.1435   0.228   
  2.144    0.2283  
  2.1445   0.2282  
  2.145    0.2284  
  2.1455   0.2285  
  2.146    0.2284  
  2.1465   0.2285  
  2.147    0.2284  
  2.1475   0.2281  
  2.148    0.228   
  2.1485   0.2284  
  2.149    0.2274  
  2.1495   0.2277  
  2.15     0.2274  
  2.1505   0.2282  
  2.151    0.2279  
  2.1515   0.2248  
  2.152    0.2268  
  2.1525   0.2271  
  2.153    0.226   
  2.1535   0.2275  
  2.154    0.2283  
  2.1545   0.2284  
  2.155    0.2274  
  2.1555   0.2274  
  2.156    0.2292  
  2.1565   0.2285  
  2.157    0.229   
  2.1575   0.2287  
  2.158    0.2289  
  2.1585   0.2291  
  2.159    0.2264  
  2.1595   0.2289  
  2.16     0.2276  
  2.1605   0.2292  
  2.161    0.2239  
  2.1615   0.2267  
  2.162    0.229   
  2.1625   0.2279  
  2.163    0.2287  
  2.1635   0.216   
  2.164    0.2288  
  2.1645   0.2292  
  2.165    0.2287  
  2.1655   0.2286  
  2.166    0.2288  
  2.1665   0.2281  
  2.167    0.2242  
  2.1675   0.2285  
  2.168    0.2281  
  2.1685   0.2253  
  2.169    0.2278  
  2.1695   0.229   
  2.17     0.229   
  2.1705   0.2281  
  2.171    0.2291  
  2.1715   0.2291  
  2.172    0.229   
  2.1725   0.2213  
  2.173    0.2259  
  2.1735   0.2289  
  2.174    0.2282  
  2.1745   0.2248  
  2.175    0.2277  
  2.1755   0.2283  
  2.176    0.2277  
  2.1765   0.227   
  2.177    0.2288  
  2.1775   0.2288  
  2.178    0.2279  
  2.1785   0.2162  
  2.179    0.2278  
  2.1795   0.2258  
  2.18     0.2285  
  2.1805   0.2285  
  2.181    0.2285  
  2.1815   0.2285  
  2.182    0.2285  
  2.1825   0.2281  
  2.183    0.2268  
  2.1835   0.2199  
  2.184    0.2216  
  2.1845   0.2264  
  2.185    0.2171  
  2.1855   0.2275  
  2.186    0.2281  
  2.1865   0.2281  
  2.187    0.2264  
  2.1875   0.2273  
  2.188    0.2265  
  2.1885   0.2272  
  2.189    0.228   
  2.1895   0.2251  
  2.19     0.2277  
  2.1905   0.2238  
  2.191    0.2278  
  2.1915   0.2279  
  2.192    0.2279  
  2.1925   0.2278  
  2.193    0.2278  
  2.1935   0.2278  
  2.194    0.2278  
  2.1945   0.2249  
  2.195    0.2203  
  2.1955   0.2276  
  2.196    0.2277  
  2.1965   0.2268  
  2.197    0.2276  
  2.1975   0.2269  
  2.198    0.2258  
  2.1985   0.2209  
  2.199    0.2235  
  2.1995   0.2155  
  2.2      0.2067  
  2.2005   0.2025  
  2.201    0.2249  
  2.2015   0.2229  
  2.202    0.2208  
  2.2025   0.2206  
  2.203    0.2231  
  2.2035   0.2262  
  2.204    0.225   
  2.2045   0.2238  
  2.205    0.2169  
  2.2055   0.2256  
  2.206    0.2264  
  2.2065   0.2276  
  2.207    0.2276  
  2.2075   0.2269  
  2.208    0.2281  
  2.2085   0.2284  
  2.209    0.2285  
  2.2095   0.2285  
  2.21     0.2286  
  2.2105   0.2279  
  2.211    0.2266  
  2.2115   0.2282  
  2.212    0.2289  
  2.2125   0.229   
  2.213    0.2291  
  2.2135   0.2292  
  2.214    0.2289  
  2.2145   0.229   
  2.215    0.2278  
  2.2155   0.2294  
  2.216    0.2242  
  2.2165   0.2182  
  2.217    0.2289  
  2.2175   0.2296  
  2.218    0.2292  
  2.2185   0.229   
  2.219    0.2301  
  2.2195   0.2303  
  2.22     0.2301  
  2.2205   0.229   
  2.221    0.2297  
  2.2215   0.2171  
  2.222    0.2252  
  2.2225   0.2305  
  2.223    0.2305  
  2.2235   0.2307  
  2.224    0.2299  
  2.2245   0.2307  
  2.225    0.2308  
  2.2255   0.231   
  2.226    0.2302  
  2.2265   0.2246  
  2.227    0.2267  
  2.2275   0.2301  
  2.228    0.2313  
  2.2285   0.2315  
  2.229    0.2318  
  2.2295   0.2325  
  2.23     0.2328  
  2.2305   0.2322  
  2.231    0.2316  
  2.2315   0.2233  
  2.232    0.2313  
  2.2325   0.2214  
  2.233    0.2316  
  2.2335   0.2294  
  2.234    0.2331  
  2.2345   0.2327  
  2.235    0.2332  
  2.2355   0.2341  
  2.236    0.231   
  2.2365   0.227   
  2.237    0.2334  
  2.2375   0.2278  
  2.238    0.2283  
  2.2385   0.2352  
  2.239    0.2358  
  2.2395   0.2348  
  2.24     0.2355  
  2.2405   0.2308  
  2.241    0.2339  
  2.2415   0.2266  
  2.242    0.2369  
  2.2425   0.2342  
  2.243    0.2338  
  2.2435   0.2346  
  2.244    0.2261  
  2.2445   0.2347  
  2.245    0.2376  
  2.2455   0.2373  
  2.246    0.2283  
  2.2465   0.2318  
  2.247    0.2262  
  2.2475   0.231   
  2.248    0.2375  
  2.2485   0.2383  
  2.249    0.2367  
  2.2495   0.2362  
  2.25     0.236   
  2.2505   0.231   
  2.251    0.2344  
  2.2515   0.2374  
  2.252    0.2375  
  2.2525   0.2339  
  2.253    0.2345  
  2.2535   0.2326  
  2.254    0.2226  
  2.2545   0.2342  
  2.255    0.2373  
  2.2555   0.2298  
  2.256    0.2273  
  2.2565   0.2319  
  2.257    0.2219  
  2.2575   0.2354  
  2.258    0.2339  
  2.2585   0.2299  
  2.259    0.2378  
  2.2595   0.2369  
  2.26     0.2318  
  2.2605   0.2353  
  2.261    0.2151  
  2.2615   0.2268  
  2.262    0.2227  
  2.2625   0.222   
  2.263    0.2389  
  2.2635   0.2277  
  2.264    0.2324  
  2.2645   0.2293  
  2.265    0.2249  
  2.2655   0.2369  
  2.266    0.2373  
  2.2665   0.2373  
  2.267    0.2348  
  2.2675   0.2299  
  2.268    0.2285  
  2.2685   0.2134  
  2.269    0.2212  
  2.2695   0.2343  
  2.27     0.2339  
  2.2705   0.2148  
  2.271    0.2349  
  2.2715   0.2285  
  2.272    0.2298  
  2.2725   0.2111  
  2.273    0.2335  
  2.2735   0.2283  
  2.274    0.2343  
  2.2745   0.2325  
  2.275    0.2263  
  2.2755   0.1951  
  2.276    0.2072  
  2.2765   0.2148  
  2.277    0.2221  
  2.2775   0.2277  
  2.278    0.2276  
  2.2785   0.2297  
  2.279    0.2302  
  2.2795   0.2307  
  2.28     0.2302  
  2.2805   0.2185  
  2.281    0.2126  
  2.2815   0.2247  
  2.282    0.2267  
  2.2825   0.2201  
  2.283    0.1837  
  2.2835   0.2267  
  2.284    0.1929  
  2.2845   0.2253  
  2.285    0.22    
  2.2855   0.2066  
  2.286    0.2251  
  2.2865   0.222   
  2.287    0.2214  
  2.2875   0.2207  
  2.288    0.2224  
  2.2885   0.2205  
  2.289    0.2212  
  2.2895   0.1939  
  2.29     0.1853  
  2.2905   0.2172  
  2.291    0.213   
  2.2915   0.2169  
  2.292    0.2183  
  2.2925   0.1975  
  2.293    0.2179  
  2.2935   0.2143  
  2.294    0.205   
  2.2945   0.2145  
  2.295    0.1955  
  2.2955   0.2077  
  2.296    0.2014  
  2.2965   0.2112  
  2.297    0.2148  
  2.2975   0.2159  
  2.298    0.2077  
  2.2985   0.1854  
  2.299    0.2005  
  2.2995   0.1991  
  2.3      0.1964  
  2.3005   0.1969  
  2.301    0.2005  
  2.3015   0.2118  
  2.302    0.2068  
  2.3025   0.2052  
  2.303    0.2088  
  2.3035   0.194   
  2.304    0.1984  
  2.3045   0.1835  
  2.305    0.2021  
  2.3055   0.1962  
  2.306    0.2025  
  2.3065   0.1998  
  2.307    0.2068  
  2.3075   0.1745  
  2.308    0.2063  
  2.3085   0.2089  
  2.309    0.2043  
  2.3095   0.2032  
  2.31     0.2052  
  2.3105   0.2112  
  2.311    0.2115  
  2.3115   0.2111  
  2.312    0.2057  
  2.3125   0.2102  
  2.313    0.2114  
  2.3135   0.2115  
  2.314    0.2115  
  2.3145   0.2115  
  2.315    0.2109  
  2.3155   0.2106  
  2.316    0.1933  
  2.3165   0.1846  
  2.317    0.1463  
  2.3175   0.1781  
  2.318    0.176   
  2.3185   0.1806  
  2.319    0.1999  
  2.3195   0.1956  
  2.32     0.2003  
  2.3205   0.2045  
  2.321    0.2025  
  2.3215   0.2062  
  2.322    0.1967  
  2.3225   0.2012  
  2.323    0.2059  
  2.3235   0.2111  
  2.324    0.2064  
  2.3245   0.2134  
  2.325    0.2124  
  2.3255   0.1953  
  2.326    0.2146  
  2.3265   0.2052  
  2.327    0.2151  
  2.3275   0.216   
  2.328    0.217   
  2.3285   0.1772  
  2.329    0.2106  
  2.3295   0.2109  
  2.33     0.2184  
  2.3305   0.2185  
  2.331    0.2096  
  2.3315   0.2103  
  2.332    0.2083  
  2.3325   0.2142  
  2.333    0.217   
  2.3335   0.2188  
  2.334    0.2071  
  2.3345   0.2149  
  2.335    0.2072  
  2.3355   0.2201  
  2.336    0.2047  
  2.3365   0.2203  
  2.337    0.2223  
  2.3375   0.2207  
  2.338    0.2165  
  2.3385   0.2079  
  2.339    0.2171  
  2.3395   0.2138  
  2.34     0.1883  
  2.3405   0.2048  
  2.341    0.2068  
  2.3415   0.2102  
  2.342    0.2147  
  2.3425   0.2194  
  2.343    0.2226  
  2.3435   0.2141  
  2.344    0.2223  
  2.3445   0.2208  
  2.345    0.2106  
  2.3455   0.214   
  2.346    0.2193  
  2.3465   0.2115  
  2.347    0.2172  
  2.3475   0.2053  
  2.348    0.1979  
  2.3485   0.2066  
  2.349    0.2216  
  2.3495   0.2185  
  2.35     0.2184  
  2.3505   0.1936  
  2.351    0.1808  
  2.3515   0.2162  
  2.352    0.2107  
  2.3525   0.1866  
  2.353    0.2207  
  2.3535   0.1892  
  2.354    0.2247  
  2.3545   0.2168  
  2.355    0.2139  
  2.3555   0.2188  
  2.356    0.1652  
  2.3565   0.2169  
  2.357    0.2168  
  2.3575   0.2151  
  2.358    0.209   
  2.3585   0.1818  
  2.359    0.1768  
  2.3595   0.2163  
  2.36     0.2144  
  2.3605   0.2128  
  2.361    0.2115  
  2.3615   0.1829  
  2.362    0.2024  
  2.3625   0.2064  
  2.363    0.2049  
  2.3635   0.202   
  2.364    0.1818  
  2.3645   0.1801  
  2.365    0.1962  
  2.3655   0.1952  
  2.366    0.1899  
  2.3665   0.1875  
  2.367    0.1855  
  2.3675   0.1522  
  2.368    0.1788  
  2.3685   0.1771  
  2.369    0.1637  
  2.3695   0.1767  
  2.37     0.1516  
  2.3705   0.0935  
  2.371    0.1262  
  2.3715   0.1171  
  2.372    0.1441  
  2.3725   0.1421  
  2.373    0.1493  
  2.3735   0.1503  
  2.374    0.1551  
  2.3745   0.1512  
  2.375    0.1457  
  2.3755   0.1469  
  2.376    0.1445  
  2.3765   0.1302  
  2.377    0.1256  
  2.3775   0.136   
  2.378    0.1261  
  2.3785   0.1296  
  2.379    0.134   
  2.3795   0.1306  
  2.38     0.1184  
  2.3805   0.114   
  2.381    0.1248  
  2.3815   0.1237  
  2.382    0.1221  
  2.3825   0.1183  
  2.383    0.1018  
  2.3835   0.0979  
  2.384    0.0779  
  2.3845   0.1033  
  2.385    0.1088  
  2.3855   0.1062  
  2.386    0.0845  
  2.3865   0.0922  
  2.387    0.1002  
  2.3875   0.0901  
  2.388    0.0823  
  2.3885   0.0939  
  2.389    0.0938  
  2.3895   0.0903  
  2.39     0.0822  
  2.3905   0.0876  
  2.391    0.0798  
  2.3915   0.0504  
  2.392    0.0823  
  2.3925   0.0802  
  2.393    0.0778  
  2.3935   0.075   
  2.394    0.0753  
  2.3945   0.071   
  2.395    0.0699  
  2.3955   0.0675  
  2.396    0.0693  
  2.3965   0.0596  
  2.397    0.0599  
  2.3975   0.0619  
  2.398    0.062   
  2.3985   0.062   
  2.399    0.0592  
  2.3995   0.058   
  2.4      0.0577  
  2.4005   0.0495  
  2.401    0.0557  
  2.4015   0.0547  
  2.402    0.0523  
  2.4025   0.0518  
  2.403    0.0504  
  2.4035   0.0495  
  2.404    0.0428  
  2.4045   0.0402  
  2.405    0.0462  
  2.4055   0.0435  
  2.406    0.0423  
  2.4065   0.0428  
  2.407    0.032   
  2.4075   0.0373  
  2.408    0.0385  
  2.4085   0.0393  
  2.409    0.0374  
  2.4095   0.036   
  2.41     0.0285  
  2.4105   0.0351  
  2.411    0.0347  
  2.4115   0.0326  
  2.412    0.0313  
  2.4125   0.0318  
  2.413    0.0313  
  2.4135   0.03    
  2.414    0.028   
  2.4145   0.0241  
  2.415    0.028   
  2.4155   0.0263  
  2.416    0.0146  
  2.4165   0.0237  
  2.417    0.0251  
  2.4175   0.0242  
  2.418    0.0236  
  2.4185   0.0136  
  2.419    0.0152  
  2.4195   0.0161  
  2.42     0.0211  
  2.4205   0.0209  
  2.421    0.0203  
  2.4215   0.0198  
  2.422    0.018   
  2.4225   0.0186  
  2.423    0.0181  
  2.4235   0.0177  
  2.424    0.0135  
  2.4245   0.0164  
  2.425    0.0157  
  2.4255   0.0156  
  2.426    0.0151  
  2.4265   0.0117  
  2.427    0.0145  
  2.4275   0.014   
  2.428    0.0137  
  2.4285   0.0135  
  2.429    0.013   
  2.4295   0.0126  
  2.43     0.0122  
  2.4305   0.012   
  2.431    0.0116  
  2.4315   0.0113  
  2.432    0.011   
  2.4325   0.0106  
  2.433    0.0099  
  2.4335   0.0081  
  2.434    0.0097  
  2.4345   0.0091  
  2.435    0.0074  
